Matrix::rankMatrix(matrix(c(0,-1,-4,2,2,13,7,5,0,-1,5,6),3,4))
Matrix::rankMatrix(matrix(c(3,-1,1,2,-2,-2,1,1,3,-1,2,3),3,4))
Matrix::solve(matrix(c(1,3,8,11,7,21,56,77,1,3,8,11,-2,-6,-16,-22),4,4),t(c(7,21,56,77)))
Matrix::solve(matrix(c(1,3,8,11,7,21,56,77,1,3,8,11,-2,-6,-16,-22),4,4),c(7,21,56,77))
Matrix::rankMatrix( matrix(c(1,3,8,11,7,21,56,77,1,3,8,11,-2,-6,-16,-22),4,4))
Matrix::rankMatrix(diag(5))
Matrix::rankMatrix(matrix(c(1,2,1,2),2,2))
solve(matrix(c(1,3,8,11,7,21,56,77,1,3,8,11,-2,-6,-16,-22),4,4),c(7,21,56,77))
solve(matrix(c(1,3,8,11,7,21,56,77,1,3,8,11,-2,-6,-16,-22),4,4),t(c(7,21,56,77))
)
t(c(1,2))
c(1,2)
Matrix::lu(matrix(c(1,3,8,11,7,21,56,77,1,3,8,11,-2,-6,-16,-22),4,4))
Matrix::lu(matrix(c(1,3,8,11,7,21,56,77,1,3,8,11,-2,-6,-16,-22,7,21,56,77),4,5))
Matrix::lu(matrix(c(1,3,8,11,7,21,56,77,1,3,8,11,-2,-6,-16,-22,7,21,56,77),4,5))->u
u
u@x
u@perm
u@Dim
u@x %*% t(u@perm)
u@x
Matrix::lu(matrix(c(1,3,8,11,7,21,56,77,1,3,8,11,-2,-6,-16,-22,7,21,56,77),4,5))->u
u
u@Dimnames
u@x
Matrix::rankMatrix(matrix(c(1,4,5,-7,-2,4,14,-10,3,-1,-11,5,-3,0,9,-3),4,4))
Matrix::rankMatrix(c(-10,3,-17,13,-3,23,12,0,24,0,3,3),3,4)
Matrix::rankMatrix(matrix(c(-10,3,-17,13,-3,23,12,0,24,0,3,3),3,4)
)
Matrix::rankMatrix(matrix(c(1,4,5,-7,-2,4,14,-10,3,-1,-11,5,-3,0,9,-3),4,4))
Matrix::solve(matrix(c(1,4,5,-7,-2,4,14,-10,3,-1,-11,5,-3,0,9,-3)))
Matrix::solve(matrix(c(1,4,5,-7,-2,4,14,-10,3,-1,-11,5,-3,0,9,-3),4,4))
Matrix::rankMatrix(matrix(c(1,4,5,-7,-2,4,14,-10,3,-1,-11,5,-3,0,9,-3),4,4)
)
Matrix::rankMatrix(matrix(c(-10,13,12,0,3,-3,0,3,-17,23,24,3),4,3)
)
Matrix::rankMatrix(matrix(c(1,4,5,-7,-2,4,14,-10,3,-1,-11,5,-3,0,9,-3),4,4))
